%% Symbolic MSA: 2D Trusses - Example 4

NodeCoords = [  0	0;
				L	0;
				0	H;
				L	H;
				0	2*H;
				L	2*H;
				0	3*H;
				L	3*H;
				2*L	2*H;
				2*L	3*H;
				3*L	2*H;
				3*L	3*H];

ElemMatSec = [EA; EA; EA; EA; EA; EA; EA; EA; EA; EA; EA; EA; EA; EA; EA; EA; EA; EA; EA; EA; EA];
ElemCon = [ 1	2;
			1	3;
			2	3;
			2	4;
			3	4;
			3	5;
			4	5;
			4	6;
			5	6;
			5	7;
			6	7;
			7	8;
			6	9;
			6	8;
			8	9;
			8	10;
			9	11;
			9	10;
			10	11;
			10	12;
			11	12];

Supports = [1 1 ; 
            0 1 ; 
			0 0 ;
			0 0 ;
			0 0 ;
			0 0 ;
			0 0 ;
			0 0 ;
			0 0 ;
			0 0 ;
			0 0 ;		
			0 0 ]; 
PointLoads = [  0 0 ; 
				0 0 ; 
				0 0 ;
				0 0 ;
				0 0 ;
				0 0 ;
				0 0 ;
				0 0 ;
				0 0 ;
				0 0 ;
				0 -P ;		
				0 0 ]; 
